task_id=1;
center=10;
test_error_HBF1=8.919555e+01;
train_error_HBF1=8.811984e+01;
test_error_RBF=8.902007e+01;
train_error_RBF=8.766778e+01;
