task_id=1;
secs=2.015627e+02;
minutes=3.359378e+00;
hours=5.598963e-02;
iterations=100;
center=10;
data_set= '../../../common/data/data_MNIST_0.7_0.15_0.15_49000_10500_10500.mat' ;