task_id=1;
secs=3.404596e+01;
minutes=5.674327e-01;
hours=9.457211e-03;
iterations=20;
center=5;
data_set= '../../../common/data/data_MNIST_0.7_0.15_0.15_49000_10500_10500.mat' ;