task_id=1;
center=400;
test_error_HBF1=8.840513e+01;
train_error_HBF1=8.722683e+01;
test_error_RBF=3.856394e+02;
train_error_RBF=8.050119e+01;
