task_id=1;
secs=5.086804e+01;
minutes=8.478006e-01;
hours=1.413001e-02;
iterations=10;
center=400;
data_set= '../../../common/data/data_MNIST_0.7_0.15_0.15_49000_10500_10500.mat' ;